97 276
186 101
124 204
124 291
154 164
108 312
107 243
315 69
105 67
155 335
130 183
124 165
4 280
91 83
300 149
154 117
188 199
70 293
117 184
178 119
177 110
93 363
170 103
203 100
180 75
196 206
35 65
192 87
121 259
3 239
67 339
122 170
151 344
109 175
221 167
186 109
184 120
77 220
208 196
74 227
123 144
124 23
64 223
108 286
131 204
128 310
167 63
177 138
93 247
166 91
234 160
96 253
84 312
8 240
237 135
331 69
334 125
93 90
108 308
323 48
110 222
124 227
13 119
144 126
112 231
116 83
325 71
97 78
235 151
211 103
169 87
81 332
140 359
177 87
162 184
141 231
98 331
94 60
142 237
93 239
96 189
142 51
181 191
312 192
316 110
54 333
119 200
154 128
92 216
116 297
100 312
135 239
123 337
124 211
88 284
189 143
216 204
105 92
9 216
162 72
74 91
120 89
61 271
15 343
172 119
102 226
105 84
151 359
269 195
88 359
154 222
104 149
115 327
148 263
226 254
134 21
154 95
107 167
228 182
144 335
308 103
142 77
343 84
84 356
323 163
228 160
166 355
235 261
158 261
112 262
308 91
249 143
327 47
94 176
147 99
308 75
309 340
15 351
150 229
93 112
106 99
220 119
296 191
86 344
92 334
285 183
212 191
197 214
135 231
142 142
117 127
285 150
192 199
100 112
108 199
135 104
166 134
170 245
73 83
159 168
182 68
158 108
74 280
241 47
10 135
100 125
212 272
50 343
182 94
169 75
158 238
161 268
158 75
315 77
101 159
32 59
112 317
90 227
281 190
266 335
89 131
332 63
124 327
350 100
120 56
96 343
70 214
120 302
169 197
55 218
107 262
68 359
24 340
169 220
60 309
60 362
126 183
308 54
12 95
154 340
154 103
106 348
297 139
312 125
277 215
242 164
88 104
82 217
200 228
188 48
118 18
92 75
362 52
208 253
49 304
84 176
267 207
212 294
189 339
66 166
99 263
192 264
216 61
104 252
323 59
134 155
269 191
78 98
246 53
124 47
159 151
173 111
273 55
131 171
219 212
224 303
128 119
139 342
3 211
107 290
307 188
225 151
174 139
354 81
101 179
361 151
359 291
3 116
53 316
338 52
138 271
291 71
250 132
112 46
66 351
288 205
143 35
250 52
311 69
201 196
284 208
158 86
54 276
37 356
153 213
211 261
283 343
3 333
180 238
3 294
173 60
81 284
10 270
169 70
132 301
36 341
225 87
261 215
83 184
142 131
32 308
315 359
318 244
162 109
88 252
66 335
133 359
86 77
91 264
108 48
66 227
283 196
243 189
66 271
291 191
196 171
147 245
87 260
35 78
111 300
235 95
172 207
3 303
98 223
189 43
139 198
249 71
47 271
58 340
288 351
213 151
214 301
205 111
339 96
190 242
212 235
105 352
162 125
346 168
243 223
150 162
134 100
3 110
179 103
146 136
141 157
97 239
62 165
169 157
109 119
145 81
170 310
6 275
138 168
313 308
313 338
208 76
225 96
189 335
323 111
182 173
133 343
323 87
189 253
320 152
82 159
51 323
184 35
296 41
188 186
142 59
51 359
238 109
46 70
166 165
9 190
217 87
134 270
228 246
234 84
220 261
254 238
119 31
242 175
234 47
218 47
208 168
146 119
53 199
212 264
358 60
72 274
200 139
291 182
64 285
358 163
4 327
346 83
205 150
148 155
331 141
48 207
173 253
75 215
358 296
135 335
162 206
108 327
169 260
350 240
120 365
123 352
277 47
116 36
175 190
127 248
62 319
361 252
14 262
190 279
262 324
59 358
226 310
307 118
155 271
184 176
315 95
197 151
46 355
119 339
117 155
139 204
131 284
335 88
161 340
47 312
293 131
212 117
178 231
85 166
139 213
155 159
358 52
134 24
311 63
11 231
58 351
109 123
81 91
321 176
155 70
140 160
234 347
192 160
359 135
8 352
85 63
165 335
142 187
138 350
116 61
204 168
47 77
363 136
270 365
147 303
319 51
142 219
162 101
126 87
242 263
101 359
181 36
184 167
161 87
112 183
231 51
146 181
177 220
270 183
67 365
158 358
125 188
189 63
334 82
169 279
115 271
176 56
204 237
273 34
73 141
283 335
116 68
97 71
9 248
126 223
106 158
189 267
155 327
124 240
76 116
317 139
262 78
75 328
359 144
247 87
104 213
119 240
95 55
115 174
262 224
311 335
177 179
63 175
86 71
70 114
256 182
192 222
100 128
342 60
278 166
124 37
89 171
67 263
134 148
303 332
241 135
250 182
163 239
42 291
193 140
168 359
181 260
59 335
279 152
345 45
360 287
100 195
129 74
192 261
78 244
214 213
250 257
342 125
166 192
158 191
17 85
185 114
52 364
96 63
41 339
139 306
236 63
325 91
204 119
331 231
353 157
55 344
169 303
358 77
80 224
147 40
320 120
14 195
201 190
219 355
62 207
97 282
334 77
300 131
5 227
284 132
127 279
291 301
84 127
169 347
238 126
224 189
315 287
74 340
42 309
201 279
173 144
56 294
142 64
162 349
248 63
78 152
22 335
90 259
208 86
350 108
51 87
101 88
216 199
72 317
235 238
74 170
110 40
150 238
197 31
235 254
330 108
177 213
308 39
338 139
81 367
277 63
104 23
250 79
226 261
117 110
99 349
102 326
3 173
232 223
118 134
134 94
20 317
116 75
213 309
73 268
185 223
350 88
136 319
54 43
94 307
334 246
326 141
86 295
70 320
246 37
52 294
146 312
46 302
198 108
200 125
208 68
3 136
308 111
79 167
81 229
257 347
189 132
159 123
3 166
131 279
284 32
181 127
353 64
92 312
120 277
315 335
68 277
247 248
216 268
131 198
189 79
73 323
274 199
142 254
128 292
177 154
182 359
323 77
299 351
339 292
323 101
94 157
345 79
221 231
189 283
166 215
106 77
153 196
104 184
122 67
220 311
163 319
324 254
278 343
236 336
97 290
281 56
146 20
208 89
99 104
157 231
233 191
297 27
227 199
192 189
242 110
126 198
63 150
192 340
272 151
168 182
77 199
90 143
363 70
288 342
116 163
35 300
213 56
211 23
89 193
116 335
304 364
42 52
3 127
202 363
311 164
23 327
56 214
180 206
351 151
200 213
124 154
92 339
162 299
170 124
154 52
190 90
217 31
301 37
288 140
174 291
18 256
78 352
129 48
108 362
91 47
301 71
266 88
338 75
215 47
182 251
147 31
262 142
142 277
297 160
216 23
157 295
320 343
220 76
143 181
202 287
169 343
237 31
124 307
166 252
288 157
219 108
193 100
42 323
66 148
118 99
148 295
227 134
19 200
304 151
189 207
98 287
245 359
344 335
262 127
47 146
250 32
281 322
345 189
284 141
3 339
33 348
162 48
117 95
70 106
97 367
110 340
151 95
359 335
154 344
342 327
7 359
138 288
289 20
342 115
194 287
166 34
329 195
216 120
33 325
62 281
109 272
116 150
145 271
182 295
43 57
95 165
104 135
28 315
177 271
205 55
269 39
49 63
262 333
353 184
261 150
200 252
288 232
337 341
266 218
243 271
83 343
322 115
82 236
150 208
31 295
115 279
147 52
149 67
188 24
55 66
26 139
138 328
350 315
67 309
214 135
151 188
366 62
24 349
32 191
315 132
285 125
62 179
87 87
201 90
308 21
222 91
315 185
54 280
200 72
3 312
189 347
250 112
217 240
97 298
181 351
209 221
319 327
323 328
339 133
262 89
316 145
185 155
362 202
211 284
245 31
65 92
220 239
262 135
24 363
143 40
276 307
296 176
79 296
331 261
201 222
300 204
58 63
35 232
339 39
312 47
203 207
224 77
310 85
356 255
169 215
219 183
227 270
296 63
73 180
289 55
208 164
201 307
242 141
353 47
99 164
276 118
88 167
335 48
94 262
266 44
250 254
88 311
334 150
193 115
92 200
213 202
329 128
222 223
19 176
47 278
78 310
354 38
44 360
293 167
357 95
328 251
349 53
61 47
114 311
71 76
296 199
331 157
308 136
78 64
192 70
276 358
175 168
252 351
192 229
166 112
143 93
141 116
327 149
315 58
360 111
196 248
265 352
312 349
81 99
331 32
262 362
359 168
78 190
220 287
28 68
166 220
189 239
285 164
62 298
120 335
137 112
4 268
163 311
307 270
209 143
262 63
242 240
303 342
119 192
78 144
146 104
92 68
266 71
87 215
77 203
358 244
101 141
130 314
270 308
157 47
154 252
135 15
258 336
222 134
161 155
317 182
66 133
288 92
225 213
67 170
118 143
309 196
311 175
67 142
131 133
77 120
254 81
9 47
18 363
92 344
169 203
169 328
334 96
45 250
238 76
342 251
296 84
55 231
208 31
297 327
231 118
11 67
304 208
278 77
94 296
89 348
367 47
250 159
154 138
352 117
309 236
285 72
270 173
312 28
32 330
265 127
153 19
63 239
330 103
288 123
21 343
247 287
37 362
162 143
277 87
87 80
208 122
338 247
293 39
177 51
327 323
82 268
302 306
179 47
358 316
246 77
301 301
189 70
259 165
8 200
128 41
83 324
258 198
58 143
150 59
278 170
162 344
16 167
229 61
166 258
193 91
366 131
151 111
349 181
144 222
170 42
262 100
220 190
246 117
326 270
154 183
243 198
24 331
335 136
204 83
238 282
150 324
51 144
254 24
71 188
3 36
169 267
94 120
154 202
124 115
247 237
256 191
55 132
179 277
242 63
163 151
244 349
161 230
110 266
360 101
238 101
68 301
255 95
43 99
242 229
225 224
323 132
174 94
42 168
336 197
255 101
113 288
47 163
247 122
62 85
55 270
201 64
265 119
170 32
208 318
223 71
284 200
142 31
258 222
137 208
190 83
289 212
103 63
354 287
197 35
293 175
142 245
243 158
273 244
78 130
135 86
261 71
354 223
204 43
239 326
243 145
200 167
242 328
154 324
99 303
342 70
324 31
166 278
262 269
231 47
297 251
258 354
50 191
58 112
297 216
174 326
219 54
177 305
265 340
143 135
127 287
296 95
289 315
95 102
158 178
280 216
322 284
255 279
268 325
270 60
47 152
284 351
263 201
51 152
31 303
97 47
136 178
62 327
8 85
169 92
32 133
68 175
131 288
209 231
174 238
58 219
11 72
71 196
251 336
323 311
17 304
209 327
205 183
273 219
193 57
71 287
166 232
200 36
134 322
3 73
244 215
87 279
164 19
68 280
67 39
159 363
296 55
278 71
347 114
44 120
3 347
42 135
226 344
284 55
238 247
293 222
61 195
73 309
271 23
224 32
336 191
212 207
75 295
238 267
346 38
59 158
13 180
249 207
120 103
225 232
137 47
363 327
220 317
3 83
133 166
143 365
159 318
224 320
316 83
270 142
258 255
113 208
323 107
222 347
285 172
325 237
65 155
212 112
197 350
277 202
296 71
262 261
195 51
296 317
32 93
38 179
166 285
52 39
362 291
349 192
362 83
175 24
192 308
97 207
81 51
362 33
357 102
14 231
273 224
132 139
266 231
127 135
350 271
9 63
192 335
235 333
265 238
358 258
294 77
228 65
93 187
255 357
154 57
128 124
28 131
116 130
327 38
86 141
205 159
344 128
93 323
147 175
185 215
200 333
296 354
105 109
189 327
87 101
343 307
346 70
1 271
331 112
305 357
107 140
231 127
312 238
35 223
314 228
233 199
78 284
283 136
168 48
330 268
205 264
2 155
18 47
262 24
86 256
135 52
75 344
279 24
59 39
182 220
166 272
285 87
200 293
331 220
81 132
245 100
139 23
285 40
93 207
265 30
133 259
309 46
250 213
343 263
58 104
180 342
270 111
331 330
17 237
62 92
291 368
338 269
338 183
42 62
197 237
288 309
200 302
82 296
138 263
70 234
143 151
174 267
249 360
30 352
41 95
44 344
276 174
288 199
54 143
123 159
228 278
176 59
235 305
288 136
188 304
288 31
267 317
272 320
324 204
34 156
96 147
330 89
149 151
216 277
124 236
43 189
102 28
254 269
20 348
208 152
132 253
281 160
297 179
206 133
151 52
309 287
232 231
345 141
213 167
111 276
72 336
320 278
137 325
196 133
108 269
169 227
50 176
287 295
250 108
120 77
351 215
325 291
176 247
84 207
237 302
299 245
50 168
124 31
17 102
55 75
231 175
100 101
119 293
158 285
170 148
339 47
188 318
232 137
314 252
39 284
67 314
314 272
135 247
257 312
89 155
292 150
297 127
44 228
115 356
79 61
249 327
177 365
323 212
193 63
39 292
251 171
148 146
162 367
280 222
330 351
338 256
306 24
228 367
35 98
153 38
81 115
175 228
3 360
49 282
285 308
28 181
304 133
179 132
293 144
166 326
368 143
174 285
4 144
284 317
347 304
343 239
175 312
3 91
255 144
131 63
1 204
166 246
97 151
20 359
115 88
165 263
341 111
3 251
113 54
183 27
145 195
95 211
27 160
351 295
78 359
330 204
78 44
41 199
2 199
232 365
8 284
249 191
140 120
220 326
365 244
181 160
184 238
154 240
327 247
231 167
316 102
185 295
253 312
23 127
258 131
45 142
270 214
343 94
315 264
158 279
351 223
281 111
219 254
312 155
85 252
93 327
360 223
185 206
76 239
177 197
85 192
359 141
135 39
267 80
216 191
239 183
249 167
283 52
345 125
254 216
345 256
209 52
79 250
296 49
196 79
338 88
224 121
35 36
11 169
341 280
68 296
258 34
114 275
62 335
293 63
22 16
292 225
29 188
173 367
292 271
148 159
346 122
133 69
204 344
155 352
28 62
177 333
247 278
234 275
103 170
3 96
270 98
69 344
284 94
151 327
201 156
288 333
119 317
23 152
235 71
122 110
329 176
285 236
148 203
158 251
278 194
182 151
257 19
84 144
359 320
230 359
288 195
39 164
301 174
193 303
153 311
167 224
278 181
270 244
361 176
142 146
37 335
224 217
275 363
258 171
79 183
329 199
64 96
302 315
315 21
273 136
338 215
258 80
112 346
120 60
4 220
75 368
72 301
346 58
150 283
175 165
317 216
288 110
318 301
102 208
120 128
270 284
165 171
201 312
45 84
304 348
274 368
257 276
302 76
158 308
158 350
98 32
3 316
332 335
15 359
124 220
351 141
334 23
26 228
160 288
315 33
272 257
159 38
362 96
91 64
317 291
296 117
80 292
281 243
272 312
3 178
270 86
255 44
242 181
95 287
67 122
361 89
366 74
11 328
265 246
228 340
328 168
335 180
166 175
250 231
261 48
187 358
309 156
289 80
32 87
358 273
78 107
180 363
236 38
9 141
86 34
29 356
328 164
231 100
31 238
165 55
160 220
331 191
269 167
32 319
165 47
135 192
287 302
200 261
368 24
369 304
193 156
256 39
243 340
239 119
153 24
300 113
354 107
141 126
255 223
359 192
304 205
70 309
226 108
358 19
304 173
216 157
278 335
208 358
198 176
161 325
227 285
162 78
15 48
147 44
159 245
3 55
205 76
311 263
180 164
258 239
12 363
262 53
116 58
296 120
143 297
352 197
327 190
133 143
120 182
32 195
15 287
366 288
289 45
145 170
216 291
308 248
192 20
115 284
258 43
269 153
35 227
288 144
74 263
194 95
291 256
145 131
251 175
125 368
196 278
294 252
98 295
339 120
199 116
109 104
235 173
219 299
169 79
278 94
288 39
239 192
278 205
29 208
330 117
216 329
132 256
350 338
136 368
249 43
70 53
47 335
95 320
142 16
338 239
353 307
66 206
183 284
264 253
225 355
100 133
366 192
58 96
335 315
365 315
366 303
296 111
9 237
321 356
362 39
46 323
352 120
366 158
126 79
231 76
52 369
231 334
273 92
192 321
272 47
159 57
273 130
201 347
272 296
266 291
3 351
15 335
369 191
291 295
93 359
330 296
300 278
309 344
218 272
257 168
30 15
277 123
117 350
169 364
96 23
336 145
197 40
258 249
189 75
270 158
359 123
204 72
278 238
223 159
184 263
350 300
136 69
12 176
226 207
47 211
26 79
4 184
358 206
108 35
201 19
42 223
174 356
367 239
184 303
352 113
54 102
31 203
87 324
296 263
331 322
243 366
320 221
206 271
257 246
16 173
192 165
321 228
2 223
149 279
350 24
154 348
215 367
263 175
333 311
266 355
359 120
55 308
273 102
97 15
5 23
196 45
28 127
128 215
216 249
250 120
265 159
332 306
284 314
274 252
62 122
307 325
134 160
226 317
315 276
257 306
112 227
189 159
103 306
190 168
232 182
250 127
252 284
142 192
224 47
147 165
340 175
32 364
89 124
169 271
254 331
188 288
262 109
40 104
351 31
42 206
125 243
221 362
279 319
184 260
26 86
258 159
67 45
243 247
74 288
365 332
292 87
341 104
247 318
182 182
35 85
151 179
261 116
200 29
278 66
328 214
254 86
353 24
239 23
288 322
112 192
262 82
319 208
143 290
107 20
288 278
282 279
269 48
300 211
38 143
153 143
159 71
219 294
218 140
299 101
96 370
274 190
290 100
47 244
40 327
33 140
255 127
70 159
65 99
216 261
36 48
33 150
231 348
178 327
200 256
147 93
46 195
286 116
320 240
257 319
238 66
128 359
188 299
147 248
211 123
315 168
198 366
262 85
28 174
229 111
23 192
288 329
330 83
337 220
134 56
245 293
281 362
268 31
176 263
270 67
103 291
151 82
242 154
143 302
63 292
146 367
36 200
189 271
296 359
299 369
247 311
22 78
272 238
208 339
342 204
188 231
345 63
167 30
232 214
0 248
27 95
150 72
20 59
320 149
254 164
289 119
219 100
295 246
119 251
3 40
305 292
189 311
214 77
45 284
215 351
303 269
369 86
158 368
249 352
26 47
277 288
0 71
304 55
165 303
239 271
316 175
169 231
54 121
288 356
367 271
270 63
159 175
343 168
63 65
304 219
277 129
212 146
41 366
327 316
351 59
344 279
213 333
239 168
356 327
71 202
229 231
17 185
32 120
278 350
47 183
255 77
210 245
65 71
4 248
57 122
240 299
351 77
336 312
87 44
199 75
232 312
275 278
297 153
8 311
200 24
190 213
177 301
180 42
15 367
42 330
192 354
300 228
119 118
32 112
342 27
200 104
223 342
27 99
370 55
337 67
285 14
265 303
233 289
41 37
293 25
92 32
196 272
286 102
111 79
320 258
280 288
151 63
311 144
3 260
136 300
318 55
320 125
26 145
34 16
28 169
196 312
359 65
20 30
20 353
239 141
287 77
182 317
254 150
265 37
36 295
320 38
12 162
350 157
189 175
309 141
28 20
297 288
223 139
41 116
84 136
320 269
72 255
3 148
341 275
306 201
321 300
21 39
174 348
59 77
367 215
226 21
204 89
93 71
41 315
251 240
169 19
159 136
143 351
341 128
288 113
293 56
348 164
245 127
335 174
340 312
200 245
96 339
334 72
23 312
24 252
2 256
358 215
169 152
368 248
24 215
266 51
3 151
326 152
309 228
360 341
255 302
205 335
139 75
369 99
169 314
7 31
40 31
279 270
179 23
308 14
363 114
27 29
66 29
128 45
225 295
278 329
151 183
34 272
302 239
292 163
349 343
239 319
318 157
148 168
10 224
3 323
23 94
151 76
263 294
174 104
317 149
254 361
16 92
367 260
18 123
269 179
32 314
323 259
16 209
125 231
23 135
281 226
154 178
351 207
83 24
204 245
75 53
189 221
141 27
96 136
88 291
312 267
312 72
239 288
124 268
361 77
119 359
242 277
14 318
354 233
82 104
273 159
262 186
246 150
296 22
278 149
344 133
117 123
257 262
231 208
271 336
166 24
354 100
370 73
324 170
106 129
108 59
219 352
286 262
23 309
333 235
293 290
169 337
284 361
299 362
198 339
261 300
229 313
297 80
200 86
157 63
20 277
208 139
192 300
78 32
287 287
299 258
51 112
361 230
331 282
269 116
8 16
151 268
320 192
56 187
261 242
105 339
333 215
153 317
366 82
243 323
315 118
367 128
96 96
362 143
100 335
3 100
93 191
35 28
273 39
154 30
162 39
254 154
301 208
193 172
247 134
235 205
78 48
27 304
20 71
283 347
343 200
257 52
285 356
365 27
151 296
15 34
342 21
304 140
200 144
66 187
298 284
330 132
319 164
353 351
220 145
362 27
358 55
280 20
281 367
304 47
73 159
238 354
284 267
20 129
309 79
24 263
196 180
270 369
182 333
179 167
150 290
211 269
218 366
366 310
261 208
249 224
8 153
251 316
71 57
327 117
26 271
282 118
175 277
23 138
270 219
78 139
4 26
343 31
227 140
262 189
18 154
366 298
118 26
246 48
132 32
198 328
309 127
286 26
355 344
264 272
115 14
203 15
304 160
254 35
37 175
108 332
366 230
247 172
30 115
242 296
225 26
76 77
267 85
338 351
250 93
370 215
182 23
78 16
54 164
335 269
292 215
343 357
238 240
150 233
308 252
281 37
159 300
336 335
227 42
367 276
302 225
176 174
318 315
235 169
204 326
265 99
82 201
4 343
105 14
21 144
192 272
184 312
229 239
342 366
273 229
239 340
344 185
267 264
170 239
308 283
343 156
281 107
338 307
55 175
286 255
31 288
234 270
8 149
235 119
270 279
276 157
209 47
31 299
370 277
301 119
265 151
63 188
50 47
310 297
331 357
222 127
277 296
178 312
274 75
16 215
43 41
196 255
216 146
296 296
20 268
62 71
196 14
203 368
367 65
249 347
339 298
223 275
229 15
339 207
280 48
254 56
255 228
77 111
16 143
292 121
37 150
23 247
233 308
18 368
269 260
259 63
304 311
15 53
365 19
360 303
360 363
2 160
27 151
311 280
282 127
370 20
367 351
0 190
322 23
280 248
296 301
331 38
315 223
93 16
311 209
119 344
39 92
277 249
240 204
51 108
159 27
59 128
310 304
58 168
247 273
287 251
60 189
51 184
258 66
28 184
147 13
319 253
354 271
363 359
47 88
263 103
227 326
79 24
23 148
322 16
293 32
252 247
241 308
343 228
58 20
270 302
272 293
16 13
240 311
211 350
250 220
4 51
303 272
343 302
336 224
296 15
74 63
31 36
265 228
248 335
71 370
331 184
193 317
271 125
66 22
208 366
301 295
273 30
32 107
255 111
23 120
43 178
292 13
27 120
369 245
330 315
223 368
41 155
316 219
280 16
4 375
246 20
347 15
36 31
367 169
209 16
368 221
265 298
48 104
71 64
234 22
182 14
51 15
335 296
239 208
332 287
350 20
310 233
369 78
263 367
368 103
24 37
343 24
22 107
295 277
28 53
24 240
151 16
8 20
14 8
268 16
353 355
62 381
344 209
300 16
35 164
36 170
364 208
174 16
346 349
88 375
32 21
43 21
20 282
78 382
231 24
54 29
372 63
250 20
316 13
370 149
90 23
370 175
21 228
367 162
159 376
20 117
329 15
34 44
369 336
371 127
257 15
191 12
347 354
257 368
27 379
173 13
89 27
373 280
353 363
63 24
243 19
185 378
286 98
377 127
370 253
46 11
322 363
181 381
237 375
67 59
86 381
51 23
374 116
193 2
74 11
285 375
56 375
241 15
342 16
372 180
381 287
128 13
101 376
17 382
59 13
205 8
17 375
93 379
183 374
193 379
207 380
250 375
12 372
173 382
377 116
325 20
376 135
288 13
70 376
238 18
162 11
65 2
298 380
335 359
228 380
265 11
29 372
68 9
152 9
185 2
374 363
105 382
129 376
52 381
200 374
350 356
249 12
374 206
242 373
380 137
90 2
373 37
115 373
381 56
166 3
47 21
122 379
342 11
94 12
73 2
382 296
369 14
372 323
80 373
379 167
182 2
375 168
38 380
47 2
104 373
86 2
379 279
124 11
373 356
36 372
143 3
273 11
192 372
113 2
380 368
361 375
220 11
366 379
243 376
163 375
39 8
371 376
232 379
258 11
84 9
110 2
381 335
235 8
145 375
381 82
378 308
166 372
350 382
381 363
255 380
103 2
127 2
369 2
307 375
59 24
54 1
138 9
213 11
371 183
377 39
372 368
158 3
377 2
381 23
207 1
381 357
33 2
326 373
121 2
372 8
263 372
106 9
381 292
376 55
208 12
358 374
119 376
382 344
174 2
381 29
373 133
382 11
214 373
53 377
344 374
151 2
330 373
131 2
370 360
233 2
373 220
320 381
381 215
225 2
322 2
199 2
212 376
151 375
375 110
313 2
62 2
281 2
333 382
372 155
4 8
373 197
8 379
305 2
118 2
27 2
376 78
237 1
379 192
64 375
341 371
208 8
361 2
112 8
178 374
374 293
41 2
382 151
134 3
212 1
47 372
377 71
303 12
358 11
309 382
381 104
343 1
377 316
115 379
229 375
327 379
334 8
327 1
379 267
169 8
265 2
258 375
381 64
382 260
17 2
334 1
377 11
349 1
245 1
374 144
324 10
293 376
275 380
379 109
297 2
353 1
119 12
377 272
373 231
376 352
367 8
3 2
289 2
217 2
376 227
81 2
375 163
373 176
374 271
354 8
378 343
257 1
318 375
254 1
380 200
312 373
143 12
138 376
14 2
22 2
368 375
381 47
377 46
377 312
23 8
247 381
378 382
379 183
375 330
375 16
379 295
361 8
312 378
96 3
216 12
43 378
381 264
371 167
376 199
381 163
377 323
189 2
308 2
365 11
254 8
300 2
377 173
382 120
271 1
111 375
9 2
293 8
376 178
381 179
292 2
382 218
345 11
381 338
374 236
316 2
374 93
364 2
380 204
381 197
351 376
296 11
380 234
381 2
379 231
382 349
383 94
383 100
383 158
383 191
383 243
383 247
383 255
383 332
383 379
8 383
43 383
69 383
93 383
143 383
150 383
161 383
169 383
184 383
195 383
213 383
216 383
230 383
234 383
269 383
274 383
282 383
289 383
340 383
358 383
