102 285
89 227
169 75
58 300
123 198
101 228
125 151
115 176
89 268
128 181
297 186
67 303
189 207
169 60
92 79
4 240
346 79
124 53
301 204
105 241
219 197
158 83
12 175
315 199
138 71
139 192
89 320
196 69
84 335
3 303
13 261
63 312
86 66
4 228
288 174
91 262
342 115
192 104
315 166
190 84
120 160
3 204
81 340
158 114
96 248
97 219
90 335
158 125
125 183
4 320
109 159
158 66
120 77
347 93
13 343
11 87
185 108
13 309
106 279
322 126
158 191
70 251
3 223
277 203
336 176
116 20
92 167
296 167
236 167
212 64
258 152
117 143
104 336
93 255
52 295
108 323
117 152
220 207
142 348
113 248
92 295
269 215
3 288
259 144
82 63
281 156
187 277
162 109
46 332
75 303
54 303
77 68
10 71
120 300
172 271
124 69
101 300
210 207
149 167
113 328
150 324
320 117
293 156
92 340
91 287
189 213
131 308
115 280
73 255
108 186
87 303
36 327
111 359
316 156
335 85
132 39
358 60
338 156
118 62
166 245
212 296
123 46
169 199
75 220
131 312
124 248
250 129
51 223
162 55
193 92
135 231
33 67
142 133
144 125
138 87
161 191
335 125
273 143
115 195
234 69
212 72
158 133
174 261
117 132
19 340
143 59
167 88
323 104
139 314
18 20
330 175
114 71
142 39
126 328
116 127
346 111
321 200
189 191
15 295
180 271
107 175
182 117
78 213
281 183
273 147
96 62
162 61
30 75
312 216
322 157
182 102
80 244
177 278
142 21
116 219
29 335
201 100
93 83
246 309
147 101
159 95
96 84
360 136
167 47
132 209
288 144
132 78
100 168
51 287
128 324
205 163
234 175
94 213
238 134
219 215
177 68
63 175
305 151
138 239
96 344
211 271
320 79
8 189
359 104
92 157
323 80
154 364
358 92
58 216
308 37
131 26
250 117
289 37
92 69
17 301
97 91
62 224
289 68
62 139
70 363
125 175
29 295
121 212
99 318
97 67
40 300
168 152
189 303
181 231
350 126
105 331
131 271
200 204
288 141
78 360
87 87
146 175
296 197
204 59
11 62
138 335
66 341
121 231
109 75
324 176
108 149
100 208
285 189
136 302
311 63
293 333
300 40
8 320
262 237
197 119
315 322
322 48
81 19
243 162
38 287
224 188
200 216
54 319
132 199
328 95
16 328
8 141
278 157
47 308
178 143
208 223
78 274
8 40
130 83
104 264
40 348
104 136
148 197
239 318
86 255
78 232
193 148
36 319
181 263
204 350
24 297
4 125
113 45
366 67
27 339
308 47
9 180
9 231
216 62
138 101
188 175
177 74
268 143
292 188
353 55
206 157
269 191
159 61
105 347
231 135
366 60
158 283
74 175
151 343
315 68
331 51
170 287
81 274
330 235
193 209
123 102
237 263
293 40
200 285
211 191
292 341
338 124
140 172
166 73
79 224
71 312
166 115
84 24
78 357
280 199
112 167
244 127
239 283
100 322
128 351
138 207
324 132
347 196
121 23
147 352
158 101
194 311
227 182
124 186
176 214
174 100
312 84
224 263
221 271
358 116
189 311
8 95
258 176
339 28
315 138
342 107
220 302
346 191
254 191
40 340
300 150
285 216
177 285
116 39
196 206
138 52
309 119
303 63
334 130
363 167
146 75
200 311
113 51
141 183
283 136
4 181
139 118
307 82
15 287
251 120
315 107
85 72
342 68
92 354
285 151
329 157
121 220
344 63
205 111
187 95
192 286
93 177
227 167
335 165
108 120
309 351
85 159
11 335
315 79
242 180
250 143
277 216
311 175
111 196
146 71
192 154
226 88
153 207
150 245
155 151
124 202
127 84
262 203
182 56
147 94
88 54
339 84
26 312
308 181
204 276
89 351
328 109
112 79
209 247
1 63
238 272
112 272
262 222
4 254
200 295
108 62
89 43
16 206
186 47
197 167
250 223
333 79
342 132
143 164
193 182
90 63
140 279
128 134
181 160
177 365
208 343
270 348
62 245
293 48
51 208
201 228
349 71
174 349
293 135
266 123
131 189
300 176
78 72
300 67
289 198
299 320
56 293
114 336
116 312
310 200
6 79
352 144
209 52
253 215
168 111
147 52
12 145
196 222
51 359
79 288
158 222
284 166
175 23
246 157
133 336
135 120
166 291
134 112
328 101
213 95
78 312
128 62
71 247
55 183
205 198
66 155
163 176
114 201
49 144
168 231
308 69
9 351
108 100
307 99
145 303
184 167
213 331
234 181
213 279
71 222
228 60
363 175
64 213
100 275
350 102
288 60
65 228
161 227
46 327
205 151
208 132
159 359
150 104
315 47
26 351
81 360
109 132
95 311
84 208
317 63
139 74
16 192
266 204
131 102
8 240
93 232
62 306
293 228
153 311
211 47
114 351
278 229
267 128
104 237
177 244
273 133
135 220
216 280
147 203
38 215
102 328
142 136
357 159
154 160
208 284
153 104
200 252
343 148
350 140
128 163
304 214
43 80
174 43
48 191
131 67
192 296
93 31
350 132
153 196
312 95
81 202
173 358
73 268
254 228
119 239
25 80
128 140
101 126
148 45
241 175
262 166
197 238
249 239
246 286
308 152
154 322
278 172
35 200
10 48
297 155
193 189
186 102
183 84
166 215
308 134
192 342
206 239
86 141
210 101
46 286
338 37
145 318
335 141
78 195
225 311
222 166
219 48
220 71
309 191
145 295
26 287
355 46
266 284
293 127
255 359
104 288
8 196
104 227
315 295
279 208
51 133
234 150
170 334
276 191
123 236
13 79
8 365
111 223
96 268
83 261
55 348
290 213
200 139
137 111
124 291
36 83
27 175
59 151
100 195
158 253
143 244
86 346
358 177
15 31
363 31
107 202
273 124
312 120
124 36
71 272
333 335
224 119
116 298
165 359
184 230
239 119
178 132
124 123
20 161
100 239
342 79
66 263
135 239
193 97
197 28
245 207
344 160
181 171
138 287
185 155
78 166
244 63
45 175
243 253
166 205
235 352
74 191
227 136
65 188
87 316
58 232
101 39
25 323
239 223
353 228
167 135
8 111
81 220
219 314
266 236
151 118
354 82
239 303
110 95
144 184
246 229
8 314
236 206
200 302
330 231
235 43
16 77
269 176
182 89
324 67
146 143
200 247
169 295
120 247
200 319
300 79
150 348
80 110
154 77
255 327
347 115
108 70
159 350
145 87
359 215
319 285
79 261
104 210
191 132
21 319
69 137
13 353
144 311
73 51
263 175
103 48
118 26
234 288
318 191
243 79
194 132
289 216
249 39
37 294
327 319
182 111
103 144
174 278
8 123
225 316
66 166
325 35
243 360
151 335
122 347
208 106
143 353
127 308
300 126
111 304
77 348
157 279
311 160
92 216
350 348
188 255
345 239
353 100
153 54
270 229
165 180
82 327
296 217
234 63
266 31
219 107
286 360
72 327
99 75
33 160
35 154
166 220
164 343
211 24
159 333
39 279
103 191
355 184
227 286
254 153
158 261
140 311
241 134
189 60
192 76
131 366
136 338
322 139
280 344
201 135
76 281
209 255
315 209
316 151
316 54
19 152
170 52
331 223
62 200
7 72
343 48
40 223
124 339
321 150
135 175
9 117
108 314
198 22
306 319
62 276
254 174
159 317
17 236
103 355
216 147
84 39
151 181
270 199
334 116
32 296
71 109
81 348
217 88
212 85
320 164
292 30
174 165
170 171
127 269
264 358
328 47
341 103
141 127
310 72
73 40
85 163
159 143
47 183
124 295
146 147
26 47
219 239
102 182
227 76
112 84
334 56
196 79
243 141
103 295
213 159
74 124
145 239
338 46
43 133
46 210
3 343
288 204
224 85
300 23
129 48
174 188
46 295
284 231
97 156
161 323
8 133
338 223
220 330
96 357
277 198
119 295
342 205
345 203
262 198
355 199
193 320
363 197
92 203
273 23
13 19
156 295
269 244
285 126
139 93
99 111
161 252
147 226
308 195
250 199
216 295
345 55
67 176
188 68
312 341
268 39
346 175
122 360
98 23
155 239
130 288
227 250
2 212
327 279
24 190
226 68
102 361
135 184
28 134
150 76
112 151
16 63
166 367
57 154
313 103
306 308
251 336
52 164
323 188
222 277
151 364
150 254
249 183
135 40
69 127
184 239
310 143
126 256
327 224
350 81
174 137
27 204
173 176
154 23
189 77
268 343
3 267
200 125
246 198
243 344
37 124
16 324
299 343
226 323
316 298
181 220
215 192
153 176
57 250
103 204
7 263
149 213
226 291
281 50
335 67
196 230
82 227
271 300
306 303
16 53
327 308
167 126
359 168
46 195
188 280
232 191
160 152
25 56
86 181
361 221
46 240
235 253
142 270
327 263
157 175
12 202
149 287
121 111
192 124
339 287
231 55
138 261
328 167
345 295
55 263
257 39
61 184
219 37
96 368
298 351
78 16
4 316
2 328
255 207
160 69
304 204
20 179
280 340
316 119
138 15
18 220
66 69
354 357
182 50
135 55
170 327
200 93
70 146
165 279
173 109
220 100
109 54
203 36
343 95
78 132
254 267
366 85
243 277
308 331
89 117
362 111
220 252
92 147
62 327
292 238
188 245
226 103
77 63
342 214
280 213
63 167
203 116
3 156
28 161
26 309
354 37
324 287
10 267
323 292
141 255
166 317
339 169
125 322
95 120
187 27
316 38
262 269
142 75
262 251
332 288
206 47
258 245
246 222
213 230
47 163
23 120
61 340
284 47
271 279
122 354
2 139
170 222
192 349
354 325
21 211
73 92
354 130
66 199
5 92
361 116
186 146
204 191
264 363
125 287
107 45
94 303
189 359
20 351
170 302
177 207
16 356
266 261
153 36
235 247
88 190
37 351
185 22
146 168
228 332
3 271
162 335
131 245
171 255
104 220
234 111
305 359
227 360
185 127
81 291
366 42
250 295
358 22
213 150
184 221
150 28
189 140
177 340
174 183
304 340
110 88
336 279
188 55
332 275
249 139
93 332
301 255
82 48
13 153
322 251
259 215
359 164
19 128
192 276
17 93
246 185
197 359
177 37
139 47
363 171
320 88
184 263
175 125
16 173
257 132
103 96
229 275
273 182
79 207
334 296
164 103
362 345
32 191
296 174
239 364
287 354
126 253
168 32
44 207
93 92
312 135
93 111
108 296
367 151
220 341
169 116
141 364
281 58
335 271
326 211
304 111
366 21
255 280
306 175
174 341
299 96
227 270
166 302
212 349
236 72
336 231
169 27
192 52
3 113
217 75
104 276
232 215
320 302
67 235
254 50
176 199
308 126
159 104
8 127
361 127
273 55
251 364
289 346
21 39
78 141
365 206
48 87
47 312
71 21
104 37
104 161
188 337
35 364
204 77
312 317
300 31
111 104
66 292
157 156
185 183
216 127
94 16
133 171
76 240
193 267
132 240
41 314
8 358
270 61
59 108
220 189
195 60
326 164
115 119
9 331
189 270
94 131
59 133
17 80
317 205
270 159
209 288
262 47
129 157
162 270
174 366
366 52
115 208
350 30
280 312
182 182
13 276
3 87
108 22
255 31
159 244
175 117
63 87
8 103
135 263
189 350
122 118
65 52
176 335
52 271
132 292
195 39
86 173
281 71
139 24
291 271
288 256
3 132
177 359
272 360
273 27
5 188
228 231
129 357
270 167
28 239
262 349
63 295
96 327
150 62
62 25
343 191
115 368
357 71
143 224
312 29
331 147
304 93
292 73
219 118
150 360
59 128
177 303
234 52
196 172
265 321
291 249
208 163
325 240
273 239
85 133
121 318
150 219
327 56
300 215
96 140
58 199
314 128
158 213
264 289
278 160
289 324
167 256
341 164
4 101
314 248
205 24
161 239
19 157
92 102
185 196
237 341
216 156
194 143
230 302
89 273
103 310
263 230
165 69
224 337
146 223
205 53
219 309
271 309
220 335
205 264
303 303
1 70
274 323
269 268
328 192
200 323
366 72
331 25
28 143
266 116
21 110
262 63
297 356
246 145
14 106
262 272
204 64
275 336
84 176
79 80
95 187
269 52
130 251
245 39
135 16
196 271
219 228
308 55
278 35
336 254
289 222
289 180
139 321
156 303
234 308
174 131
130 223
127 279
189 323
62 350
306 295
51 103
338 360
73 151
42 111
66 91
113 94
49 231
242 167
225 206
303 307
217 344
272 319
3 147
300 231
192 260
133 279
54 327
209 39
3 278
239 79
38 128
30 326
263 215
160 205
205 85
78 328
166 66
200 168
305 324
304 232
201 69
331 133
97 271
128 203
130 95
281 296
317 311
38 176
53 246
61 257
250 349
254 247
181 28
200 81
21 68
7 310
300 138
16 310
79 335
150 278
315 116
51 305
343 143
85 76
158 239
350 222
228 246
263 311
98 48
175 223
209 352
348 150
227 170
263 53
37 100
359 343
232 328
3 83
249 255
70 180
285 237
166 147
107 144
167 144
30 24
235 144
104 30
361 229
347 153
262 184
224 37
308 19
158 271
365 93
350 352
170 314
108 103
64 287
234 122
175 90
115 204
262 284
353 221
342 198
363 327
118 215
169 309
343 136
248 70
226 144
127 31
142 212
148 239
181 120
243 69
328 188
115 191
169 71
254 144
354 26
242 46
63 68
31 101
285 211
36 112
259 326
62 19
219 285
63 280
234 323
129 303
210 263
150 86
135 355
105 231
167 237
90 195
128 184
53 23
365 313
14 302
117 355
327 352
114 100
87 327
135 200
242 270
255 319
296 335
62 113
47 71
283 203
148 23
342 92
208 171
275 304
277 261
54 340
70 131
296 119
193 46
227 110
261 127
188 284
242 352
293 61
128 263
298 111
159 231
197 363
69 328
78 96
323 245
196 247
164 171
239 194
44 235
71 349
266 279
53 333
256 287
366 338
338 269
96 100
118 235
242 213
143 208
169 100
23 175
309 240
213 311
328 148
230 351
318 144
129 90
25 148
242 303
49 199
360 352
82 99
214 180
354 66
166 166
299 335
242 29
162 263
281 264
3 349
213 319
246 236
250 203
234 237
318 359
9 23
124 222
181 196
163 310
94 54
125 130
260 104
138 146
130 149
295 324
234 39
292 201
19 101
66 135
352 147
300 153
181 326
162 287
274 339
28 197
290 111
250 111
257 296
143 359
158 327
262 341
297 361
289 167
194 252
242 261
312 306
166 350
270 333
205 335
212 168
171 236
72 119
143 204
258 189
63 360
212 140
166 175
25 360
109 111
51 327
15 167
22 26
356 125
243 246
366 37
70 352
80 239
247 332
220 262
79 319
294 208
297 240
73 156
246 84
90 221
309 367
319 277
317 227
258 361
71 60
31 231
200 120
24 152
42 136
138 293
363 215
66 328
347 210
4 232
117 112
159 46
306 264
199 15
174 147
296 142
50 156
235 97
51 95
323 196
306 51
308 221
62 92
95 274
342 72
20 345
219 30
129 40
317 95
40 358
45 368
86 151
116 106
335 61
81 269
349 66
32 288
323 234
284 207
305 139
230 159
22 136
329 245
369 180
166 160
304 272
100 131
354 202
212 115
257 199
231 27
312 261
219 359
241 235
220 368
139 230
315 257
55 363
189 114
43 100
275 46
202 72
334 283
32 148
341 308
284 19
208 120
360 122
93 280
13 205
200 336
189 328
79 351
211 124
152 40
130 153
3 359
146 187
266 368
200 55
284 79
322 339
246 117
243 295
27 112
360 152
54 173
30 95
229 215
242 95
40 229
189 51
4 175
182 311
250 259
226 47
247 279
54 143
154 269
280 320
215 326
282 116
182 47
330 184
219 21
277 250
225 199
216 263
320 23
239 26
54 117
183 151
192 197
200 262
358 82
246 107
343 111
73 27
189 263
19 84
213 15
250 167
117 339
293 117
24 20
208 212
150 270
200 361
62 355
180 248
169 164
366 100
158 27
166 20
85 308
287 279
79 180
254 77
184 120
287 335
119 270
219 323
145 287
177 147
119 189
297 50
228 295
178 191
344 32
54 168
324 24
99 312
284 248
257 171
304 355
22 53
182 285
204 168
283 36
354 335
230 197
108 50
32 139
347 40
286 192
39 147
308 90
62 103
359 79
284 39
223 356
246 48
83 352
215 364
324 91
208 259
247 292
42 73
362 102
66 75
254 46
235 225
69 56
270 162
42 264
262 242
328 256
143 328
197 65
265 211
19 296
251 20
100 160
253 301
39 136
299 272
180 359
146 152
294 278
342 42
276 359
350 183
66 247
23 368
46 126
359 76
170 319
62 125
166 188
127 259
132 71
53 125
324 367
180 23
350 40
73 207
289 307
303 311
300 168
230 212
70 306
283 261
234 197
246 247
102 367
227 40
101 28
300 289
181 333
180 124
354 367
146 269
188 126
158 169
286 243
64 207
345 360
42 23
270 46
304 160
4 23
15 39
289 23
3 51
278 255
338 149
281 44
73 99
238 53
312 329
133 315
193 219
175 31
331 42
331 38
201 341
244 312
189 183
8 162
335 215
263 318
74 292
328 67
366 365
257 261
305 132
55 76
35 136
97 203
39 73
294 103
353 52
72 336
250 57
279 164
32 312
100 107
358 34
362 189
46 151
342 233
80 55
89 113
304 284
88 71
235 243
139 344
30 355
263 119
197 195
97 195
343 351
313 360
287 288
84 214
247 55
323 29
305 226
293 246
333 180
211 196
109 79
334 39
193 114
24 214
42 256
362 285
6 279
74 225
170 145
326 61
320 326
90 199
97 15
135 115
167 285
344 224
363 161
248 317
310 26
191 39
200 328
23 292
21 145
33 17
247 111
302 210
334 363
4 247
277 15
205 357
290 283
183 343
228 201
35 173
360 183
3 162
323 280
369 25
219 82
200 256
335 46
234 27
212 164
234 86
200 143
303 51
143 324
176 40
169 323
281 304
334 75
117 167
54 64
347 319
184 136
135 68
30 368
286 29
303 262
82 145
100 116
324 96
243 335
151 304
327 72
259 167
96 291
119 264
182 277
366 88
19 242
162 295
39 168
234 48
258 77
277 220
309 23
253 333
81 184
328 116
315 271
330 359
66 119
239 87
188 316
81 88
351 247
300 236
60 254
70 200
69 103
192 300
277 269
39 132
337 172
144 32
280 352
185 251
231 309
240 327
316 352
264 135
347 281
137 155
331 20
223 140
296 223
19 362
275 79
155 31
196 328
281 29
267 254
270 152
30 219
197 127
60 335
153 284
301 87
184 367
159 55
266 64
157 72
123 39
5 208
200 271
273 114
263 20
345 156
273 68
33 222
87 293
68 143
167 335
145 159
272 357
204 178
262 116
84 191
366 179
367 154
346 46
128 168
79 296
189 364
163 31
276 26
63 63
46 178
55 309
223 220
369 208
154 231
328 288
266 157
310 255
339 315
324 84
188 333
139 227
353 163
200 211
275 273
281 19
190 240
4 184
188 319
335 263
353 135
319 84
335 206
239 307
262 29
220 133
36 224
54 343
366 187
359 280
111 254
200 243
62 365
124 26
154 91
232 334
12 327
151 152
246 301
280 148
366 290
358 155
262 68
319 240
184 352
235 200
177 291
304 238
55 256
220 143
196 332
153 19
304 344
223 92
236 187
93 135
357 347
335 193
346 82
265 223
335 209
237 368
267 315
13 135
210 145
108 367
227 158
368 106
312 348
261 292
219 113
241 55
2 334
61 163
243 21
262 333
3 33
369 90
363 252
24 95
251 229
351 109
293 16
185 330
69 344
161 23
361 271
340 184
238 21
48 79
88 364
312 235
250 31
200 222
192 256
146 61
258 369
261 135
270 56
358 235
75 144
362 243
143 367
55 204
214 239
100 341
58 271
177 83
314 212
273 177
41 119
32 48
32 176
189 168
249 160
269 312
296 230
128 144
204 94
208 80
220 129
242 115
362 261
128 124
1 75
353 74
334 199
284 85
363 357
175 232
131 215
265 220
335 101
292 293
31 182
285 221
273 194
296 365
281 283
273 208
42 68
365 331
51 243
61 47
154 243
328 140
246 298
335 358
257 23
226 320
274 331
247 264
204 331
153 110
247 175
109 107
200 279
143 149
50 369
96 145
337 111
242 90
312 191
94 170
52 148
63 271
281 111
176 79
320 351
38 187
351 296
143 111
143 107
143 49
47 59
192 368
146 328
320 63
361 53
270 13
102 351
216 273
358 254
136 282
242 109
242 156
365 78
35 236
33 79
183 40
143 221
250 103
208 16
100 13
177 151
3 44
323 335
208 114
29 107
131 31
324 143
336 302
145 261
292 370
278 56
26 283
8 91
167 56
128 127
281 176
224 175
3 169
167 330
278 63
151 261
255 128
42 15
200 31
95 125
281 13
47 359
196 151
337 293
262 256
120 82
167 37
257 231
286 185
145 256
278 111
203 119
350 216
2 55
39 159
92 13
197 295
151 127
89 47
258 55
69 47
220 221
16 136
216 166
197 288
352 189
239 37
146 48
229 93
320 52
266 71
293 92
270 104
116 138
350 255
101 200
216 252
185 260
359 309
170 348
72 333
257 63
254 274
362 15
229 175
350 360
73 182
182 254
360 332
244 103
293 13
280 329
46 365
247 271
135 367
200 51
28 256
39 240
78 150
87 95
40 47
167 211
368 343
274 247
352 311
339 247
188 227
8 167
262 15
235 32
285 257
3 28
292 299
284 304
343 263
226 194
112 25
64 33
39 15
232 139
272 286
243 189
272 353
238 103
365 308
255 106
288 81
318 224
361 39
323 360
247 327
229 51
351 192
333 349
19 16
324 269
213 28
266 95
223 128
245 322
348 241
243 241
33 59
81 14
278 239
3 166
82 123
333 367
263 277
250 87
235 82
19 276
327 215
85 187
324 255
270 74
341 347
88 107
300 115
231 354
70 368
363 296
223 327
337 323
40 152
262 82
262 40
344 271
79 36
359 304
117 31
257 349
194 263
206 28
266 84
20 330
32 111
172 49
33 56
316 42
62 55
343 300
367 135
201 314
123 31
20 88
23 48
252 63
310 303
296 19
258 336
236 75
250 343
94 151
235 363
338 283
213 322
254 82
176 327
5 366
369 300
51 204
279 287
260 72
94 107
216 104
323 264
49 338
189 344
3 47
312 15
231 264
365 48
226 227
295 307
149 17
43 156
43 30
331 304
178 29
246 363
184 37
289 86
285 102
258 248
299 134
330 311
231 21
61 379
19 116
286 116
359 367
355 360
62 43
326 228
204 128
332 319
37 370
293 288
270 79
300 99
192 328
215 111
151 368
58 98
330 269
315 239
350 16
359 359
228 16
255 92
43 48
369 259
105 16
357 260
262 94
370 63
124 369
34 359
263 368
350 288
66 382
296 28
55 28
309 31
368 112
345 324
266 103
350 337
339 328
47 23
369 173
71 31
364 352
54 43
288 303
370 117
350 365
350 305
55 87
285 92
274 367
324 21
296 263
27 243
218 43
317 29
128 14
350 260
225 31
369 304
359 295
277 99
239 107
287 368
280 368
371 159
305 276
368 224
208 376
278 86
219 26
199 381
167 15
59 63
43 37
255 96
341 20
368 232
368 313
370 242
19 252
234 15
38 52
51 36
31 32
27 13
353 282
148 12
35 37
8 374
24 33
258 99
249 93
346 264
175 9
59 33
72 376
188 11
81 371
154 12
53 56
223 16
377 151
189 369
58 48
369 195
161 375
276 95
366 296
371 127
78 381
370 39
372 71
3 375
330 15
73 373
9 8
48 15
12 8
182 12
94 381
263 102
16 12
80 378
123 11
155 381
373 148
354 272
339 381
371 203
353 266
374 335
351 276
181 375
158 375
289 382
36 381
14 377
90 371
47 2
151 375
374 168
35 32
372 87
220 8
227 13
372 8
250 375
182 2
63 2
5 11
308 373
131 374
19 12
262 86
73 2
69 372
71 8
55 2
169 375
324 10
32 2
321 377
105 372
176 375
51 48
312 379
68 376
63 373
200 12
347 12
369 268
369 368
380 173
361 370
270 96
185 2
375 223
288 93
377 331
358 12
328 372
375 53
380 167
246 11
118 11
381 51
372 353
317 375
342 14
374 77
349 272
134 9
254 377
55 10
230 372
382 11
19 378
74 8
368 284
355 16
375 327
86 2
296 380
240 374
1 379
335 13
121 2
381 30
162 11
41 2
375 239
321 2
376 93
259 87
371 102
191 2
120 378
377 2
143 375
106 8
289 377
372 95
313 2
375 39
300 376
89 379
373 19
380 140
375 231
286 381
185 372
262 379
381 62
46 12
375 133
374 47
320 373
97 2
198 1
174 2
380 183
339 8
377 47
297 371
382 320
358 373
139 2
46 377
225 2
103 2
151 2
166 381
60 8
116 377
380 241
372 348
161 2
27 378
380 235
25 2
380 349
343 1
129 2
160 382
81 2
236 2
370 293
301 9
265 2
107 380
350 373
375 189
78 8
297 2
377 77
174 372
198 375
192 375
381 69
370 12
374 288
212 372
372 267
31 8
4 2
110 2
231 2
372 199
17 2
84 8
371 360
329 2
66 8
376 102
217 2
375 142
90 2
367 12
382 22
281 2
377 292
307 379
372 82
350 1
304 380
378 259
246 372
358 1
135 2
252 8
380 136
305 2
277 375
377 90
378 255
253 13
209 2
380 115
381 162
193 381
382 312
382 196
382 214
347 8
380 228
112 11
372 380
204 1
247 2
382 304
308 2
372 274
380 221
9 2
379 86
361 1
277 11
289 2
372 2
43 376
311 8
375 63
382 365
380 72
380 354
376 250
276 2
213 2
145 3
78 2
303 372
257 2
379 108
317 8
382 159
376 96
124 2
335 2
369 1
127 376
380 371
262 8
51 375
366 371
382 336
241 1
376 279
169 2
305 9
273 1
228 376
375 184
381 45
288 12
3 8
253 1
300 2
135 378
375 304
381 191
380 103
382 39
139 376
376 367
347 380
336 375
233 8
375 114
34 375
379 180
381 58
279 381
381 343
376 272
382 250
