(1,.,.) = 
   27   69
  123  293
  113  243
   35   71
    3  263
  121  212
  285  199
   63  303
   47  296
  158   92
    3  303
  139   69
   97  316
  338  136
   95  283
    3  231
   73  293
   82  324
  292  188
    3  295
  124  157
  104  319
  132   51
   81  307
  170  103
  108  286
  120  336
   58  283
    3  287
    4   99
   35  335
  124  247
  181   75
   99  359
  168   64
  158   82
  128  184
   28  325
   14  197
   96  256
  347  127
    3  308
   86  333
   71  335
   83  239
  280  148
  161  351
  139  338
    4   87
  139  186
  316  127
   10  174
   13  239
   12  143
  316   62
  117  199
    6  125
    4   93
  227   63
  123  205
  112   53
  327   55
  285  183
  292  325
    9  324
    9  148
  123  133
  136  263
  178   68
  220  264
   33  319
   43  322
  297  189
   84  243
  315  165
   70  300
  300   91
  130  181
  224  167
  258  183
  139   48
  208  288
   66  286
  106  307
  289  213
  145  107
  208  183
  169  200
  109   63
  151  223
  138  228
   11  182
  100  220
  208  192
    5  335
  154  351
   85  219
  114  324
  219  197
  105  351
   36   75
  342   96
  196  175
  330   96
   60  335
   98  325
  312  135
  320  200
   11  100
   99  271
  107  238
  227  303
  188  200
  167   72
  307  123
   94  276
  316   71
   12   41
  340  108
  109  335
  316   45
    9  203
  144  191
   28  291
  139  212
  154  175
  193  180
   16  188
   24  333
  280  119
  322  146
    9  243
   95  232
  120  311
   76  302
  284   75
   93  334
  161  200
   46   67
  322   64
   83  317
   13  110
  214  310
  246  163
  297   96
  308   43
  144  127
   13  231
   11   95
  141   56
  168  213
  120  175
  273  156
  225  157
  165  359
  126  320
  339   47
  358   67
  128  199
  350   76
  162  239
  315  175
  151  327
  104  336
  276  333
  136   39
   86  287
  177  251
  242  136
  128  271
    7  167
    3  248
   15  303
  166  190
  100   68
  278  182
  211  220
   76  252
  154   40
  299  327
  221   79
  188  152
  136  279
  102  236
   47  284
  117  143
  345  197
  123  365
  154  104
   24  304
  192  304
  261  148
  234   94
  124  161
  114   24
  178  136
  346   71
  296  119
  192  278
  113  340
  354   92
  174  280
  185  283
  182   84
   47  351
  216   87
  346  259
  300  127
   59  352
  331  151
  122  353
    4  194
  104  263
  208  205
   47  359
  337  287
  151  335
  300  221
  306  335
  169  120
  220  109
    6  139
  296  333
  171  239
  281  188
  169  191
  121  299
   81  360
  113  183
  323   85
  350   85
   86  291
  270  197
  130  207
  204  311
  176   49
  120  349
   47   72
   71  264
   28  316
  296   55
  291  158
  363  167
   31  343
   88  259
   42   84
  226   84
   65  179
  235  223
   53  354
  335   48
  177  263
  292  181
    4  191
  236  149
  204   71
  161   64
  195  112
  201  103
  265  231
  296   64
  201  214
    8   78
  338   54
  151  363
  150  339
  123   19
  138  157
   94  157
  147   59
  345   63
  238  152
  137  205
   29  168
  139  182
  213  287
   70  316
   21  327
  323  175
   78  211
  246  174
   85  301
  226   78
  135  351
  293  151
    8   69
  234  284
  166   84
  287  335
  219   59
  169  340
  288  143
  292  119
  205  111
  210  319
  258  119
  104  167
    9   85
   78  272
   78  307
  124  147
  285   84
    3  272
  293  100
   35  344
  200  284
  169  156
  271  223
  124  186
   78  349
  296  109
   70  365
   67  293
  147   87
  245   55
  350  112
   90  327
   60  167
  357  212
  116   46
  193  205
  322  138
  261  287
  339  208
  130  217
  330  133
   12  129
  241   47
  167   55
   71  239
  130  227
  177  103
   14  208
  309  195
  146  261
  129  296
  234  236
  289   87
  137  164
  277  199
  177  191
  120   61
   91  359
  194   96
  119  239
  239  303
  123   48
   55   68
  186   87
  158  196
   98  125
  359   77
  112   60
   58  314
  179  278
  232  263
   96  337
  350  264
  328  104
  324  159
   77  151
  155  255
  131  359
  247   63
   35  182
  216  332
  169  150
  342  149
  250  160
  361  111
  119  276
   24  176
   49  223
  197  219
  193  348
   74  323
  203  151
  141   87
  139  143
   90  223
   99  362
    8  340
  265  111
  197   64
   38   59
  246  288
   83  349
  250  215
  269  335
   80  255
  128  287
   89  180
  269  143
  234   67
  281  215
  335  116
  321   47
  169  171
  254  239
  282  124
  300   21
  165  283
  250   61
  299  214
   76  364
   98  296
  290   71
  297  156
  118  149
   93  311
  266   92
   58  180
  166  117
  193  124
  130  326
   70  165
  129   23
   98  215
  254  197
  315  159
  194   79
  125  196
   18  145
   62   80
    3  111
  234   77
  219  246
  184  191
  141   22
  216  101
  261  139
  308  179
   54  314
   51  178
  320   61
  153  271
  242  230
  116  120
  183  119
  112  287
  135  362
  161  295
   54  304
  304  164
   33  359
  350   93
  309  191
  208   31
   61  295
  246  187
   36  159
  311  215
  208  172
  358  176
  235   48
   34  340
  193  191
  138  216
  361  196
  362  200
  266  208
  262  197
  265  165
  201  124
  358  155
  261  351
  196  212
  316  190
   53  327
  234   59
    3  223
  190  197
  345  102
  246  146
  254  227
  144   44
  152   53
   51   88
   54  291
  155  335
  289  109
  235  252
   17   88
  112  302
  128  168
  161  263
  228  181
  189   71
  362  327
  153  163
  168   87
  320  287
   94  348
   52  351
  180  267
  257  271
  143   75
  355   87
  262  123
  223   39
  101  197
  200  296
  147   94
  289  218
  205   95
  323  193
  100  246
  366   85
  241  359
  289  174
  186  108
  158  343
  229  326
  317  287
  308   55
  116  364
  316  359
  165  183
   69  344
  143   95
  204   85
  186  208
  278  323
  167  101
  183  167
  324  111
  154  127
   17   64
   84   18
  297  349
  201  188
  293  359
   95  224
  133  336
  112   76
  117  328
   89   52
   12  317
  146   36
  185  311
   59  322
   78  224
   61  343
   76  165
  318  145
  342  114
  303  131
  265  202
   87  175
   10  124
   93  270
  208  148
  334  267
  297   31
  358  256
  210  127
  111  148
  243   72
  261  175
    3  175
  293  349
  335  140
   19  344
  201  156
  281   43
  175  131
  162  218
  337   67
  238  169
  169  246
   97  132
  288  199
  268  191
   26  161
  123   65
  225  311
  266   87
  289  338
  109   68
   52  284
  192  261
   86  224
  233   36
  180  128
  154  246
   28   74
  334   77
  350  130
  359   55
  220   29
  104  270
   47  312
  320   79
   20  340
  167  276
  262   50
  158  214
  122   77
  360  129
  297  167
  235  288
   78  266
  155   37
  306  311
  241  199
  335   61
  329  184
  120  220
   26  296
   16  316
  299  315
  178  223
  273   75
    5   71
    9   36
  178  344
  330   42
  251  247
   43   88
  359  104
    6  132
  159  142
   56  363
  366   51
  184  122
   16  152
  330   71
   74  243
  352  144
  242  256
   64  247
   97  177
  305  325
  127  335
  234  190
  282   71
   16  119
  308  118
  262  100
  150  179
  226   55
  170  319
  121  140
  149   70
  177  286
  219  118
  249  103
    9   52
  250   37
  273  100
  312  116
  297  176
  250  256
  199  303
   22  258
  154  279
  138  367
  127  279
   59  348
   96  328
  278   19
   69  227
   47  175
   37  148
  200  342
   35  287
  309   23
  214  190
   85   47
  331  356
  305  111
  258   72
  212  298
  112   71
  112  224
  258  208
    8  334
  331  279
  363  189
  143  308
   88  242
  169  252
  101  280
   51  303
  105  184
  151  160
  131  279
  100  155
  324   95
  258  155
  275  191
   85   24
  146  247
  329  156
  149   51
  148  207
    5  118
   66  336
  312  142
  220  261
  272  358
  334  173
  130   39
  200  230
  246  246
  358  292
   90  254
   77  357
  352  103
  196  244
  189  168
  155   78
   62  229
  102  206
  184  224
   48  340
  313  199
  180   31
  142  171
   97  347
  263  359
  227  200
  249  252
  108  196
  152   63
  249  295
  300   81
   86  158
  301  308
  158  323
  358  346
  136  112
  166  224
  208  341
  263   87
  218  191
  269   71
  218  175
  320   38
  323   26
  285  351
  338  279
  312  303
   51  279
   16  127
  235  363
  354   27
   10  275
  189  267
  200  164
   20  304
  300  354
  139  150
  304   67
   46  290
   96  166
  335  167
   90   59
   70  212
   20   21
  362  253
    8  155
   88  207
  273  172
  174  221
  142  344
  228  240
  189  183
  318   55
  314  256
  225  239
  361   34
  101  111
  339  263
  133   31
  166   59
   60   71
  196  134
  216  159
  110   95
  174  183
   16   96
  227  295
  171  167
  216  205
  242  280
  280  159
  105  108
  280  106
  200  276
  219  296
  142  291
  304  174
  153  318
  189  143
   80  193
  285  103
  124   96
  343  135
   75  176
  273   47
  147  197
   70  306
  104  359
  136  101
  153  101
  117  248
   94  316
  298  343
  343  158
  200  182
  286  140
  192  359
  234  199
  335   39
  366   72
  245  159
   81  179
  255  143
  208  156
  281   53
  327  215
   92  119
  169   60
  130  140
  131  232
   55  240
  196  238
  117  208
   27  112
  152   19
  327  234
  118   37
  116  191
  148  151
  285   23
   73  338
  350   44
  181   62
  270  156
  112  156
    3  320
  304  207
  278  143
  151  356
  107   38
   33  202
  185  300
  324  351
  343  176
  108  136
  201  348
  180  367
  168  327
  185   95
  169   19
  100   21
   67  253
  218  311
   36  305
    8  346
  332  300
  300  201
  354  184
   17  174
  269  119
  209  348
  214   18
  159  150
  266  176
   88  351
  320  165
  306  147
   17  354
  189  326
  350  109
   29  189
  129   63
   95  215
  289   44
  155  365
  204  116
   23  287
  339   63
  315   87
  286  319
  265  284
  238   83
   85  259
  146  112
  304  204
  151  183
  149  279
  304  340
  296   47
  168  334
  285  135
  151   77
  358   36
   94  160
  293  166
  143  357
   90  342
  316  205
  225  221
  106  296
  150  101
  363  103
  120  228
  266  247
  189  271
  266   76
  108  327
   25  346
    4   78
  249  285
  104  112
  354  359
  331  214
  227  283
   51  162
  143  135
   70  187
  285   91
  166  175
  300   73
  300  149
  189   61
  289  291
  285  175
  205   79
   59  279
  204  295
  283  288
  262  107
  242  211
  358  170
  200  262
  243  341
  338   28
  150  351
   63  151
  227   42
  206  141
  339  311
  169  353
  204  239
  257  220
  142  315
  190   77
  227  184
  166   44
  351  336
  234  123
   70  156
  128  124
   70  323
   78  173
  250  184
  324  261
  247  279
   36  175
  213  167
  158   71
  290   55
  219  215
  358  286
  196  167
  208  135
  335  124
  274   63
  210  104
  146  168
  269   47
  151  230
   79  333
  138  335
  243  219
  326  101
  102   39
  208  352
  192  271
  159  114
  308  300
   54  168
  142  198
  146  138
  313  317
  319  335
  100  185
  161  247
  301  228
   24   94
   82  272
  126   30
  161   38
  303   63
  197  231
  309  159
  250  200
  185  116
  189  366
  108  176
  109  276
  153  200
  255  135
  270  341
   16  239
    3  344
  258  332
  157   55
  297  272
  250  360
  182  301
  182  310
   94  300
  333  252
  239  132
  336  231
  131   85
  177   43
  342   85
  119  167
  281   36
  166  271
   11  186
    5  150
   35  103
  270  134
  325  253
  201  206
  309   94
  227  136
  241  345
   23  294
  261  135
  296  240
   43  176
  243   91
  220  320
  277  175
   25   24
  308   62
  212  112
  177   90
  333  247
   73  261
  184  256
  185  102
  226  224
  190  335
  196  327
  146  232
  193  143
  270  103
  312  110
  200  222
  246   36
  235  240
  219  285
   28  199
  301  175
  324  114
   24  206
  174   79
  223   47
  195   91
  250  112
  189  351
  115   15
  132   96
  249   48
   43  367
  109   19
  119  159
   70  359
  243  264
  276  224
  347  149
  188  147
  164  319
   51  208
  347  223
  203  255
  158  262
  324  227
  218  167
  165  197
  289   63
  205   49
    8   30
  208   73
  212  272
  189  343
   54  333
  167  367
  161  124
  112  356
  145   22
  265  263
  262  236
  323  296
   63  220
  165  167
  166  302
    3  202
   96  228
  226   94
   33  303
   38  362
  289  135
  305   80
  287  279
  142  239
  350  185
  180  319
  233  321
    6  319
  169   31
  208  226
  261  167
  177  334
  221  151
  224  360
  220  178
  224  215
  289   36
  159  359
  134  107
  339  165
  366   61
   92   96
  229   96
   42   53
  212  143
  269  362
  200   45
  150  270
  221   70
  104  279
  248  304
  304   37
  312   96
  246  200
  258   63
   78   21
  223  276
  143  320
  254  156
  114  267
  358   60
   63  174
  285  207
  132  239
  243  119
   97   60
   29  138
  134   78
  101   28
  305  224
  104  223
  331  228
  344  359
  116   94
    3  180
  204   62
  159  227
   12   21
  231  119
   72  216
  343  344
    4   29
  334   28
  277  296
  131  152
  201  175
  154  238
   89   43
  200   39
  273  109
  355  119
   46  336
  366  339
   16  141
   85  204
  213   47
  269   31
  262  189
  275  362
  355  126
  181  288
  135   69
  205  327
  131  251
  123  316
  194  287
   16  360
  332  217
  178  359
  279  263
  221  205
  211  100
  174  270
  158  302
  262   92
   41  167
  350  211
  192  342
  169  292
    9  162
  354   47
  150  302
  215  264
  143  206
  255   31
  162  269
  100   46
  184   25
  239  335
  171  296
  252  299
    3  315
  179   38
  366   69
  333  351
   21   80
  321  304
  154  286
  277   85
  200  312
  284  231
  217  340
  263  316
  336  291
  285  188
  348  327
  166  253
  163  110
   84  336
  358  116
    8   62
  304  138
  290  335
  274  215
  258  367
   23  210
  288   25
  273  160
   24   39
   85  271
  265  324
  137   15
   85  340
  184  295
  119   21
   84   55
   82  167
   46  156
  208  242
   26   86
  254  175
  352  272
  180  215
  270   52
  362   16
  224  279
  151  311
  332  287
   40  272
  243  287
  295  316
  273  309
  231  135
  283  257
  161  337
  264  184
  109   48
  314  291
   43  222
  148  119
    4  276
  142   29
  131  144
  324  132
   44  148
  262  203
   30  287
  264  351
  309  141
   97  300
   62  194
   63  204
  312   76
   16   72
  254   75
  171   56
  286  130
  360  124
  309  252
  100  144
  216  239
  288  202
   78   53
  366  348
  343  239
  120  110
   62  215
  308  258
  330  181
    9  271
  308   72
  239   31
  193   86
  284  216
  227  329
   43  215
  194  315
  196  249
  364  113
   19   51
  366  155
  189  276
  315   33
  365   31
  236  346
  161  331
  349  140
  108  125
  254   47
  224   24
  315   79
   69  258
   93  322
   90   88
  161  310
  272  239
   62  289
  338   76
  151  251
  309  103
  247  334
   78  156
  247  238
  361   47
  200  332
  163  105
  236  110
  350  232
  104  152
  101   94
   42  287
   15  308
  120   32
  159  133
  286  362
  346  312
  240  313
  200   25
   21   15
   94  194
  119  231
  312  347
  288  232
  346  255
    5   63
   43  328
  355  220
  358  301
   55  143
    2   47
  236  272
  220  249
  218   51
  226  248
  244  308
  364  287
  335  198
  272  207
  258  291
  273   92
  262  227
  232   98
  350  189
  188   38
  300  144
  188   99
  118  170
  310  235
  169  263
   55  157
  243  301
  282  164
  189  246
  114  167
  197   29
  133   66
  126  263
  147  293
  251  279
  212  161
  273  122
  246   26
  285   31
   47  207
   55  336
  289  248
  226  315
  360  271
   93  149
  173  143
  159  223
  351  200
  321  151
  345   48
  343  132
  165   23
  273  272
  128  243
  318   93
  208   56
  263  311
   28  135
  181  193
  247  327
  319  271
   90  189
  142  252
  299  233
   26  152
  304  317
  320  122
  174  224
  116  307
  296  140
  251  264
  320  361
  116  203
  170   76
  109   45
   43  185
  262  231
   30  147
  167  159
  259  263
  335  192
   97   84
   97  143
   89   35
  369   52
   15  294
  166   95
  203  246
  334   87
  239  342
  324  359
  198  159
  166  133
   46  136
  325  178
  196   47
  258   23
  158   66
   92  290
  292  192
   36  279
  208  333
  127  144
  226  131
   50  195
  184  134
  358  307
  184  357
   25   21
  285   98
  273  226
  140  120
  273  132
  270   63
   75  203
   41  199
  345  290
  350   38
  262   39
  177  183
  187   47
   81  144
   73  219
  344  162
  149   55
   20  135
  347  108
  231   23
  216  148
  111  143
  312  183
   85  112
  354  251
   80  269
  278  127
  104  219
  296  360
  159  188
  361  362
  225  287
  222  135
  219  282
  304  365
  120   56
  278   38
  275  151
  284  204
   20  203
  351  363
  167  141
  292   74
  266  312
   82   64
  123  183
  262  341
  159  102
  313  367
  359  166
   23  231
  278  245
   50  189
  109   99
  208   60
  368  109
  174  357
   43  103
  117  104
  159  181
  184  127
  256  296
   62  184
  182  116
  245   23
  270  271
   46  109
   82  278
  257  249
   35  172
  343   69
  342  195
   40   71
  302  280
  174  348
  367  143
  151  343
  212  237
   66  168
  321   23
  286  238
  200   78
   48  230
  317  117
  199  149
   13  313
  115  128
  181  232
   66  323
  246  109
   12  220
  304   94
  146  175
  131   88
  366   90
  143  244
  209   85
   97   53
  335  260
  346  201
  158  156
  342   35
  142  231
  324  240
  279  293
  254   85
  353  225
   21  167
   89   24
  254  269
   11  365
  142  271
  352  207
  279  287
   80  125
  143  295
  242  127
   84  353
  131   93
  358  325
   47   23
  307  153
  284  314
  257  341
  315  336
  179  238
  135  168
  234  181
  252  151
   28   55
  334  307
  128  304
   39  120
   96   63
   89  123
   74  132
  246  271
  340  298
   83   73
   14  124
   94  208
    7  247
  116   99
  288   16
  338  359
  218  137
  277  338
   66   23
   46  344
  219  363
  325  189
  312  253
   88  141
   92   19
  347  247
  235  309
  309  295
  288  304
  169  363
  239   64
    8   56
   20  335
  308  340
  330  224
  216  344
  227  107
   76  184
  159  286
  368   95
   82  211
   82  356
  312  231
  234  205
  128  132
  328  312
  112  294
   27   42
  184   48
  151   24
  354   40
  365  359
  169  268
   87  190
  307  220
  181  157
   31  231
  288  194
  188  212
  190  236
   85  263
  269  276
  204  168
  160   29
  300  121
  228  354
  240  325
  302  195
  184  336
  366  247
  205  207
  288  312
   73   37
  270  173
  158  292
    4   36
  271  303
   87  212
  193  151
  327  268
  104   28
  335  205
  281  236
  181  247
  326  163
  169  221
  192  264
   20  107
  246   98
  166  179
  331  360
    2  245
  227   88
  273   80
  170  347
  200  272
   50  119
  292  244
  233  279
  261  243
  209  255
  150  215
  101  159
   38  199
  116  333
  197   39
   87  135
  272  316
  123  116
  220  123
  249   55
   71  132
   76  127
  187  319
    8  283
  265  126
  148  143
   12  190
  312   29
  249  221
  359  336
  352  149
  208  268
  304  344
  284  106
  361  117
  182  174
  360  120
  259  323
  204  197
  362  211
  223  142
  190  221
  251  173
  101  168
  316  104
  353  107
   87  227
  274  136
  224  333
  246  364
  311  175
  146  160
   78   96
  109   53
  334  320
  107  343
   39  112
  103  293
  128  258
   55  207
  312  212
  204  277
  255  318
  147  203
  338   59
  285  247
  331  127
  327  275
  180  148
  146   76
   42  314
  174  231
  278   24
  242   84
   34   45
  238  245
  332  178
  216  227
  223   89
   33  213
  351   31
   95  199
   21   64
  339  319
  271  251
  285   63
  105   31
  278  254
  295  311
  212  263
   43  129
    5   59
   78   28
  303  304
   69   87
  135  199
  112  163
  293   20
   91  111
   62  360
  299   39
  304  349
  216  253
  315  110
  153   31
   31  352
  288   79
  281  171
  274  167
   25  128
  253  127
   31  120
  293  229
  296  366
  237  213
  162  192
   67  223
  140  303
  208  209
  343  252
  191  117
  107  290
  138  296
   11  223
  343  327
  354  367
  352  136
  231   47
  142  267
  234  176
  168  288
  332  333
  262   24
   95  173
  272  336
  369  327
  246  300
   33  135
  122   40
  231  343
  111  364
   97   15
  351  179
   54  321
  132  255
  174  310
   76  247
  270  352
   42  357
   43   47
  279  207
   63  316
   41  292
  125  124
  335  208
  109  171
  326  223
   82   82
   86  186
   19   31
  370  154
  350   22
   54  135
   70  192
  276   31
  267   38
  361  139
  213   73
   34  351
  229  191
  158   96
  281  223
  255  109
   48   80
  293  365
    5   19
   21  173
  299  253
  140   42
  139  174
  219  300
  255  328
  319  323
  126  174
   55   72
   62  101
   42  162
   58  290
  367  150
   53  235
  286  299
  276  111
   39   51
  274  211
   55  103
  334   80
  161  254
  229  144
  313  307
  166  309
   47  119
  154  308
  251  343
  208  326
  146  264
  121   15
   52   60
  322  271
  258  108
  271   21
  192   23
  320  216
  351  175
  304  358
  262  160
  330  291
  317  241
   98  103
   24  338
  245   31
   50  184
  318  223
  173  300
  285  170
   36  217
  343   79
  125  256
  237  208
  139  138
   72   80
   68  245
   15  256
  100  151
   31  223
   32  143
  362  292
  327  357
  257   44
  322  128
  204  355
  216  315
  345   43
  339  148
  255  345
  246   79
  363  317
  340  223
  347   67
  119  295
  231  111
  104  326
  336   95
  132  149
  308   97
  364  175
  110   84
  158  111
  208   65
  193  364
  292  328
   12  236
  287  343
  255   79
  358  244
   78  360
  136  271
  124  238
  340  368
  336  221
  352  343
  312   38
   31   47
   74  111
  334   35
  106  355
  190  232
   16   45
  252   92
  243  144
  320  142
  215  151
  111  194
  285  254
  360  229
  263   67
   79  119
  233   55
  150  238
  167  127
  226  151
  222  303
  184  263
  106  231
  174  362
   10  311
  339  351
   50   51
  270  215
  162  223
    0  237
  143  287
  311  152
  247   85
  137  248
  131  307
  248  229
  287  367
  179  168
  293  331
   54  308
  177  339
  234  369
   65  101
   25  101
  188  136
  234   31
  212  116
  350   26
  350   89
  216  327
   94  261
  192  301
  102   24
  237  316
  192  155
  291  278
  125   53
  105  368
   42  125
    8  330
  309   28
  318  138
  152  190
   17   48
  324  119
  213   93
  261  328
  101  276
  147  215
  216  278
  354  296
  347   54
  354  269
  188   43
  219   16
   57  211
  226  264
  158  314
  231  272
   46  271
  293  202
  298  268
  112   66
   54  120
  143  282
  220  127
   62   24
  124  120
  358  332
  347  135
    8  256
  150  286
  280  242
  151  211
  337  184
  313  101
  280   63
   13  352
  339  198
   36  190
  230  215
  213  254
  146  155
  104  144
  181  144
  366  239
   30  213
  238  128
  316   75
  228  269
  255  204
   58  243
  100  140
   62  156
  249  365
  204   39
   22   32
  303  300
  231  351
  369  175
  330   23
  336  217
   89   72
  129  135
  232   83
  347   31
   66   27
  270  347
   61  142
  155  231
   22  264
  191  224
  351  304
   86  147
  129  290
  246  124
  234  359
   89   16
  343  192
  178  324
   51  145
   16  136
  246  296
  279   92
  237  116
  313   16
   55  348
   58  327
  246  101
   18  311
  366  266
  362   40
  150   98
  265   59
   71  200
  297  162
  218  144
   63  188
  238  264
  296   84
   50  104
   73   56
  335  263
  154  135
  132  247
  307  276
  276  268
  211  213
    3  207
  305   85
    3   51
  187   55
   63  322
   66  202
  330  130
  130  160
  135  232
  350   55
  322   42
  265  255
  243  261
  302  263
   27  272
   37   91
   96   79
  362  296
    2   55
  351  280
  284   20
   16   27
  154  331
  204  280
   66  140
  154  151
  175   84
  344  225
  370  117
   13  227
  208  262
  313  295
  112  215
  143  167
  136   95
  188   32
   94   71
  230  278
  265  198
  369  181
  277  238
  252  189
  184  333
  331   80
  184  248
  173  140
  238  358
   79  139
   25  325
  119  130
  265  147
   89  303
   70  120
  215  366
  305  243
   63  124
   60  119
   38  264
  354  239
  101  316
   75  135
   27  268
  315   24
   22  370
  131  156
   39  138
  208  215
  193   51
   63   95
   51  151
  241  277
  353   23
   94  184
   88   68
  252   95
  245  155
  104  120
  185  253
   71  351
  257  253
  103   98
  212   64
  274  301
   16  116
  325  312
  124  200
  244  141
   47  127
  234   63
   39  162
  311  288
  280  336
  131   13
   92   80
  143  180
  365  256
  272  129
  226  292
   77   91
  169  279
  134  104
  302  159
   93  264
  222  351
  124   45
  125  137
   10  115
  351  295
   16  248
  284  310
  216   74
  351  220
  263  307
  126   36
  167   51
   64  110
  131  190
    2  355
   86   94
    5  360
  192  239
  289   93
  174  244
  189   16
  113   87
  273  262
  106  131
  295  260
  307  360
  192  160
   16  367
   51  215
  319  279
  102  368
   70  142
   44   56
  362  300
  337   72
   21  331
  200  192
  354  190
  111  129
   71   91
   19  162
  227  231
  166  312
  344  281
  271  125
  101   77
   71  196
  323  276
   74   85
  154  327
  188  255
  330  163
  271  295
   82  150
  116   63
  240  350
  345  308
   35  141
  288  207
  311  163
  370   63
   39   55
  201  236
   62  128
  120  224
  280  176
  359   99
  369  259
   70   61
  342  119
  200   18
  261  215
  204  231
  269  307
  257  126
   34  236
  175  124
  263  274
   36   24
  334  339
  264  294
   26  144
    9   47
  178  312
  183   16
   55  175
  234  104
  128  352
  209  108
  219   55
  225  112
  231  195
  204  303
   83  109
  285  357
  192  164
  192  212
  262  253
  265   55
  177  195
  181  107
   66  184
  268  357
  300  139
   84  368
  105   19
  314  247
  231  151
  295   72
  312   23
  266  213
  301   58
  369  247
  226  125
  308  239
  128  119
  266  240
  300   46
  302  248
   19  351
  159  204
  181  294
  208  237
   75   41
  134   34
  232  229
  219  290
  231  222
  148  314
  342  364
  267  303
   23   56
  242   80
  297  133
  327   32
  184  240
  293  207
  212  244
  224  103
  270  200
  216  272
   68   39
  296  337
  266  224
  220   96
  224  255
  292   40
  311  248
   79  352
  147  146
  198  360
  369   47
  182  152
   66  135
  247  206
  221  255
  190  293
   59  189
  254  117
  181  243
  192  267
  180  353
  211  323
   75  159
   62  199
   23  143
  266  121
  231  289
   86   99
  213   50
   35   50
  194  118
  284  225
  166  230
  338  189
  251  351
  309  267
  189  241
  292  236
  281   57
   39   39
  297  236
  175   37
   86  153
  109   80
  262   56
  365  108
  323  243
  368  210
  111  124
  264  181
  366  328
  224  194
  269   16
  200  289
  246  264
   16   21
  124  103
  261  320
  200  327
  280  307
  200  317
  213  131
  154  251
  118  368
  183   56
   90   47
   62   36
   75   46
   71   47
  255  210
  255  352
   90  128
  239  224
  369  331
   77   75
   70   52
  202  119
  222  224
  113   80
  326  301
  292   13
   25  363
   70  355
  250   20
  243  318
   71  175
  184   40
  214   61
  219   25
  220  240
  335  368
  243  267
  103  117
  246  261
  359  351
   39  185
   23  122
  243  109
   56   95
  172   15
  323  327
  340  245
  216  111
   60   63
  231  124
  320  327
  322  233
  262  303
   85   91
  335  360
   57  370
  224  343
  319  234
  343   28
  179   24
  354  352
  212  229
  358   16
  201  366
  220  368
  339  303
  221  230
  273   53
  317  248
  273   56
  308   32
   81  131
  243  335
  366  185
   54  200
  335   22
  314  275
   87   39
   23  240
  107   88
   94  136
  332  327
  207  366
  184  369
  214  359
  367  271
  312   33
  220  237
   63  135
  365  216
   68   70
  336  247
  319  275
  259  303
  367  124
   83  376
  369   28
  255   66
  265  370
   43   31
   73  369
  343  332
  367  362
  290   30
  342   23
  319  229
   66   20
  368  163
   77   60
   51  155
  369   90
  366   44
  219  233
  370  196
   70   55
  338   16
  288  271
   42  251
   77   66
   50  370
   49  101
  203   16
   77   71
  350  314
  316  264
   45   39
   82   35
  296  247
   48   31
   42  113
  229  367
   71   43
  165   13
   12   12
  235   16
   68  378
   36  243
   53  128
   47   14
  340  330
   62   48
   58  379
  370  101
   57   15
   56  125
  358  368
  346  367
   73  123
  369  250
    4   14
   84   85
   10  375
  367  312
   93  382
  367  224
  158   13
   46  132
   70   73
    2  351
   41   13
   58   40
  368  285
   36   15
  369  343
  324  368
  192   16
  369  192
  370  271
   43  375
  219  381
   39   30
  197  380
  190   11
  227   13
  372   22
  191  380
   43  378
   84  372
  246   13
  261  371
  379  327
   38  375
  228   16
  150   11
  108    9
   55   40
  227  373
  373   79
   54  376
   86    8
  374  149
  204    8
  380   16
  377   25
  378  159
  243  375
  139  376
   71   31
  294  376
  100  375
  378  143
  158  371
   93   12
   93  374
   63  375
  130  373
  371  277
  316  375
  377  163
   74   63
   71    8
   54   29
  371  319
    2  374
  185    2
   46    2
  346  381
   66   45
  181  371
  371   86
   55  380
  172  375
  374  223
   73    2
  358   10
  170  378
  338   12
   89    2
  178   11
   27   11
   78   11
  193    2
  375  351
  158  381
  209  376
   63    2
  366   12
  372   39
  373   96
  381  151
  210   12
  372  239
   57    2
   51   11
    1  362
  366  372
  234   12
  375  135
  381   11
  182    3
   55   37
  371    8
  258   11
    2  365
  222    8
   49   37
  374  142
  254   11
  380  351
  373  248
  376  255
  281   10
   26  382
  283  380
  313    8
  375  201
   76  375
  198  375
   81    2
  350    8
  366  376
  381  132
  374  230
  146  375
  323   13
   67  372
  374  163
   31    2
  307  371
  382   63
   38   12
  278  382
  375  167
  220  375
   13  379
  208  371
   41    2
  225    2
  155  376
  248   16
  136  373
  205    1
  381  336
   97    2
  307   12
  379  175
  379  215
  249  372
  381   39
   76  371
  204  373
  228  382
  376  237
   51    2
  174    3
  104    2
  321    2
  110  375
  302  377
  257  381
  371  375
  270  382
  297  372
  120    2
   50   41
  373  362
  377    2
  270   10
  146    2
  379  287
  167    8
  293  381
  129    2
  239   13
   35    2
  167  374
   16  377
  335   12
  369    2
  335    2
  112    2
  382  310
  377  358
  187  375
   46  382
  382  196
  380   84
  377   79
  381  263
  380  220
  142    2
  283  374
  382  303
  125    8
  381  207
  376  102
  208  381
  343    1
  380  333
   27    2
  151    3
  381   70
  135    2
  220    2
  245    1
  313    2
  197    2
  294  372
  377  373
  305    2
  159    2
  377  227
  381  290
  382  314
  359  380
  209    2
  374   15
  143   12
  376   47
  349  375
  281    2
  327   10
  126  380
   78    2
  166    3
  303   12
  376   94
  181    8
    8    2
  289    2
  177  374
  381  364
  373  292
  273    2
  379  136
  374   11
  257    2
  115  379
  359    1
  329    2
  375  215
  381  247
  239    2
  297    2
  124  376
  380   76
  376   39
  357  376
  104  380
  102   11
  296    9
  216    2
  230    8
  273   11
  327  372
  380  238
  233    2
  120  373
  374  306
  202   12
  335  376
  379  380
   19    2
  350    1
  373  314
  381   47
   27  373
  381   55
   32  378
  300    2
  328  378
  249    1
  372  299
  154    3
  275  371
  135    8
  382  127
    4    2
  292    8
  372  368
  358  371
  376  183
   74    8
  250   12
   57   10
  378  112
  265    2
  317    2
  375  311
  374  243
  376   55
  372   42
   92    8
  350  371
  381  147
  382  271
  382  275
  380  108
  382   43
  250  378
  309    2
  268    1
  381  375
  378   88
  307    8
  375  186
  381  223
  279  372
  262  381
  353  382
  381   32
  377  275
  289   12
  271  373
  366  381
  292    2
  262   12
  380  212
  379  279
  383    2
  383  103
  383  118
  383  191
  383  319
  383  354
    2  383
   73  383
  101  383
  104  383
  114  383
  129  383
  140  383
  151  383
  164  383
  172  383
  177  383
  203  383
  235  383
  247  383
  284  383
  308  383
  315  383
  325  383
  339  383
[ CUDALongType{1,2923,2} ]
